ID logFFUV logFFUV_e logFNUV logFNUV_e logFHa logFHa_e logF3.4 logF3.4_e logF3.6 logF3.6_e logF4.5 logF4.5_e logF4.6 logF4.6_e logF5.8 logF5.8_e logF48 logF8_e
1	16.18 0.00	16.15 0.00	14.22 0.07	14.77 0.02	14.79 0.03	14.54 0.05	14.50 0.02	15.01 0.05	15.24 0.07
2	15.66 0.01	15.58 0.01	13.67 0.07	14.58 0.02	14.62 0.03	14.52 0.05	14.39 0.02	14.80 0.05	14.92 0.07
3	16.13 0.00	16.01 0.00	14.11 0.07	14.66 0.02	14.70 0.03	14.47 0.05	14.32 0.02	14.68 0.05	14.87 0.07
4	15.92 0.01	15.83 0.01	14.11 0.07	14.57 0.02	14.48 0.04	14.25 0.06	14.23 0.03	14.57 0.06	14.73 0.07
5	15.92 0.00	15.82 0.00	13.70 0.07	14.35 0.02	14.35 0.03	14.15 0.05	14.03 0.02	14.73 0.05	14.96 0.07
6	16.22 0.00	16.09 0.00	14.23 0.07	14.38 0.05	14.46 0.05	14.44 0.05	14.23 0.04	14.63 0.07	15.10 0.07
7	16.19 0.00	16.14 0.00	14.65 0.07	14.44 0.03	14.53 0.03	14.48 0.05	14.37 0.02	14.82 0.05	15.20 0.07
8	15.04 0.02	14.92 0.02	13.47 0.07	13.87 0.05	14.01 0.04	14.06 0.05	13.91 0.02	14.24 0.05	14.45 0.07
9	15.47 0.02	15.45 0.02	13.65 0.07	14.30 0.04	14.11 0.08	13.68 0.14	13.56 0.15	14.38 0.07	14.35 0.09
10	16.06 0.01	15.95 0.01	13.77 0.07	14.47 0.03	14.54 0.03	14.27 0.05	14.15 0.03	14.55 0.05	14.65 0.07
11	15.31 0.01	15.24 0.02	12.85 0.07	13.49 0.11	13.52 0.11	13.55 0.07	13.52 0.05	13.79 0.08	13.98 0.07
12	15.55 0.00	15.43 0.01	13.66 0.07	14.22 0.03	14.16 0.05	14.00 0.06	13.94 0.04	14.43 0.05	14.59 0.07
13	15.15 0.03	15.01 0.03	13.33 0.07	99.99 9.99	99.99 9.99	99.99 9.99	99.99 9.99	13.91 0.15	14.13 0.13
14	15.69 0.01	15.66 0.01	13.53 0.07	13.95 0.10	14.15 0.06	13.85 0.08	13.55 0.11	14.65 0.05	14.90 0.07
15	15.92 0.01	15.84 0.00	13.74 0.07	14.28 0.03	14.35 0.03	14.04 0.05	13.89 0.04	14.50 0.05	14.74 0.07
16	15.47 0.00	15.37 0.01	13.63 0.07	15.59 0.01	14.12 0.05	15.24 0.04	15.18 0.01	15.03 0.04	14.83 0.07
17	16.32 0.01	16.26 0.00	14.40 0.07	14.78 0.03	14.80 0.04	14.60 0.05	14.48 0.03	14.99 0.06	15.28 0.07
18	16.10 0.00	15.98 0.00	14.11 0.07	14.09 0.04	14.27 0.03	14.13 0.05	14.06 0.03	13.54 0.26	14.55 0.07
19	15.97 0.00	15.85 0.00	13.77 0.07	14.46 0.03	14.49 0.04	14.25 0.05	14.14 0.03	14.64 0.05	14.89 0.07
20	16.14 0.00	16.05 0.00	14.21 0.07	15.19 0.01	15.19 0.02	14.95 0.04	14.89 0.01	15.31 0.04	15.54 0.07
21	16.08 0.00	15.99 0.00	14.29 0.07	15.06 0.01	15.12 0.02	14.93 0.04	14.87 0.01	15.52 0.04	15.74 0.07
22	16.30 0.00	16.21 0.00	14.36 0.07	14.81 0.02	14.86 0.02	14.64 0.05	14.54 0.02	15.13 0.04	15.38 0.07
23	15.95 0.00	15.87 0.00	14.38 0.07	14.52 0.03	14.66 0.03	14.55 0.05	14.47 0.02	15.23 0.04	15.52 0.07
24	15.92 0.00	15.84 0.01	14.06 0.07	14.64 0.03	14.67 0.03	14.41 0.05	14.34 0.03	15.00 0.05	15.27 0.07
25	16.32 0.00	16.28 0.00	14.45 0.07	14.95 0.02	14.99 0.03	14.79 0.05	14.71 0.02	15.24 0.04	15.48 0.07
26	15.75 0.01	15.68 0.01	13.74 0.07	99.99 9.99	14.05 0.15	13.80 0.15	13.51 0.22	14.84 0.05	15.15 0.07
27	15.82 0.02	15.70 0.02	13.63 0.07	13.95 0.14	13.76 0.25	13.62 0.18	13.66 0.14	14.82 0.06	15.09 0.07
28	15.86 0.01	15.76 0.01	14.62 0.07	15.28 0.01	15.20 0.02	14.98 0.04	14.91 0.02	15.11 0.05	15.27 0.07
29	16.52 0.00	16.40 0.00	14.57 0.07	15.11 0.02	15.16 0.03	15.15 0.04	15.10 0.01	15.59 0.04	15.87 0.07
30	16.00 0.00	15.88 0.00	14.44 0.07	14.81 0.02	14.83 0.03	14.60 0.05	14.58 0.02	15.07 0.05	15.36 0.07
31	15.36 0.02	15.31 0.02	13.53 0.07	14.28 0.06	14.34 0.06	14.07 0.07	13.75 0.11	14.88 0.05	15.06 0.07
32	15.60 0.01	15.49 0.02	13.63 0.07	14.85 0.02	14.89 0.03	14.71 0.05	14.63 0.02	15.22 0.04	15.55 0.07
33	15.65 0.01	15.57 0.01	13.21 0.07	14.28 0.07	14.08 0.12	13.95 0.12	13.69 0.14	14.22 0.15	14.27 0.15
34	15.28 0.02	15.20 0.02	13.29 0.07	14.49 0.04	14.48 0.04	14.10 0.07	13.97 0.07	14.70 0.05	14.94 0.07
35	15.47 0.01	15.32 0.01	13.85 0.07	14.88 0.02	15.00 0.02	14.95 0.04	14.84 0.01	15.24 0.04	15.43 0.07
36	15.35 0.01	15.25 0.01	13.14 0.07	14.11 0.03	14.16 0.03	13.76 0.06	13.74 0.04	13.86 0.09	14.21 0.08
37	15.74 0.03	15.61 0.04	14.02 0.07	15.27 0.03	15.29 0.03	14.97 0.05	14.90 0.04	15.58 0.05	15.87 0.07
38	15.71 0.00	15.60 0.01	13.48 0.07	14.28 0.02	14.25 0.04	14.02 0.06	13.81 0.05	13.80 0.18	14.43 0.07
39	14.60 0.06	14.76 0.05	12.90 0.07	14.16 0.15	14.17 0.15	13.89 0.15	13.79 0.15	13.85 0.22	14.52 0.08
40	99.99 9.99	99.99 9.99	13.23 0.07	99.99 9.99	99.99 9.99	99.99 9.99	99.99 9.99	14.17 0.15	14.21 0.10
41	15.83 0.02	15.79 0.02	14.37 0.07	15.11 0.02	15.17 0.03	14.99 0.05	14.95 0.02	15.73 0.04	16.03 0.07
42	15.96 0.01	15.83 0.01	14.40 0.07	14.73 0.07	14.85 0.05	14.77 0.05	14.74 0.03	15.43 0.05	15.76 0.07
43	15.24 0.01	15.09 0.01	13.11 0.07	14.01 0.03	14.12 0.03	13.92 0.06	13.83 0.04	13.74 0.15	14.12 0.09
44	16.42 0.00	16.33 0.00	15.09 0.07	15.55 0.01	15.60 0.02	15.45 0.04	15.39 0.01	15.92 0.04	16.21 0.07
45	99.99 9.99	99.99 9.99	13.60 0.07	14.62 0.05	14.69 0.03	14.39 0.05	14.32 0.03	14.85 0.05	15.12 0.07
46	15.47 0.02	15.32 0.02	13.32 0.07	14.34 0.09	14.47 0.07	14.37 0.06	14.24 0.05	14.91 0.05	15.20 0.07
47	14.63 0.14	14.53 0.14	13.80 0.07	14.76 0.03	14.73 0.04	14.63 0.05	14.60 0.02	15.13 0.05	15.41 0.07
48	15.83 0.01	15.74 0.01	13.99 0.07	99.99 9.99	13.62 0.19	13.60 0.18	99.99 9.99	14.01 0.20	14.73 0.07
49	14.86 0.17	14.53 0.32	13.70 0.07	15.18 0.02	15.20 0.03	14.81 0.05	14.77 0.03	15.37 0.05	15.56 0.07
50	15.82 0.00	15.76 0.01	14.14 0.07	14.50 0.05	14.51 0.05	14.28 0.06	14.16 0.04	14.67 0.05	15.00 0.07
51	16.16 0.00	16.05 0.00	14.15 0.07	14.64 0.02	14.71 0.03	14.53 0.05	14.40 0.02	15.00 0.05	15.26 0.07
52	15.56 0.05	15.41 0.07	13.68 0.07	14.55 0.04	14.66 0.04	14.43 0.05	14.35 0.03	15.04 0.05	15.33 0.07
53	16.17 0.01	16.04 0.01	14.06 0.07	14.93 0.05	14.99 0.05	14.70 0.06	14.58 0.05	15.18 0.06	15.46 0.08
54	16.22 0.00	16.22 0.00	13.88 0.07	14.68 0.03	14.63 0.03	14.05 0.08	14.23 0.05	14.03 0.15	14.80 0.08
55	16.15 0.01	16.09 0.01	14.46 0.07	15.28 0.02	15.28 0.03	14.97 0.05	14.90 0.03	15.46 0.05	15.77 0.07
56	15.87 0.00	15.77 0.00	14.03 0.07	14.06 0.06	14.04 0.08	13.92 0.10	13.67 0.12	14.14 0.15	14.50 0.07
57	15.90 0.00	15.80 0.01	13.77 0.07	14.87 0.02	14.85 0.03	14.61 0.04	14.54 0.02	14.80 0.04	14.98 0.07
58	16.35 0.01	16.22 0.02	14.41 0.07	15.43 0.02	15.36 0.03	15.07 0.05	15.10 0.02	15.83 0.04	16.13 0.07
59	15.22 0.02	15.10 0.03	13.44 0.07	14.19 0.08	14.37 0.06	14.16 0.06	14.24 0.03	14.50 0.06	14.84 0.07
60	15.52 0.00	15.39 0.01	13.64 0.07	13.99 0.07	14.14 0.06	13.96 0.07	13.71 0.07	14.30 0.06	14.70 0.07
61	16.04 0.00	15.95 0.00	13.73 0.07	13.78 0.18	14.09 0.10	14.12 0.06	13.86 0.06	14.35 0.06	14.71 0.07
62	15.45 0.01	15.31 0.01	13.69 0.07	14.36 0.02	14.26 0.04	13.99 0.06	14.08 0.02	14.39 0.06	14.67 0.07
63	16.65 0.01	16.60 0.01	14.51 0.07	16.06 0.01	16.05 0.02	15.77 0.04	15.71 0.01	15.96 0.05	16.16 0.07
64	15.87 0.02	15.89 0.02	14.21 0.07	14.40 0.18	14.55 0.13	14.30 0.12	14.31 0.11	15.32 0.05	15.62 0.07
65	16.10 0.01	16.05 0.00	13.88 0.07	13.93 0.28	14.33 0.11	13.97 0.15	13.84 0.16	14.42 0.15	14.54 0.24
66	15.14 0.07	14.84 0.15	13.63 0.07	14.55 0.09	14.48 0.10	14.08 0.14	14.08 0.12	14.96 0.06	15.31 0.08
67	15.96 0.01	15.91 0.01	14.48 0.07	14.90 0.03	14.94 0.04	14.76 0.05	14.71 0.02	15.33 0.05	15.62 0.07
68	15.43 0.00	15.32 0.01	13.37 0.07	13.63 0.06	13.68 0.06	13.52 0.07	13.36 0.05	14.04 0.06	14.41 0.07
69	15.77 0.01	15.65 0.01	13.70 0.07	15.03 0.03	14.96 0.04	14.58 0.06	14.68 0.03	14.94 0.05	15.06 0.07
70	16.10 0.02	16.06 0.02	13.84 0.07	15.10 0.02	15.10 0.03	14.83 0.05	14.80 0.02	15.19 0.05	15.50 0.07
71	14.65 0.27	14.89 0.14	14.04 0.07	14.95 0.04	14.95 0.05	14.73 0.06	14.74 0.03	15.37 0.05	15.69 0.07
72	15.60 0.02	15.53 0.02	13.16 0.07	14.43 0.04	14.52 0.04	14.27 0.05	14.25 0.03	15.01 0.05	15.32 0.07
73	16.12 0.01	16.07 0.01	14.27 0.07	14.81 0.08	14.89 0.07	14.66 0.07	14.58 0.06	15.44 0.05	15.75 0.07
74	15.89 0.04	15.57 0.09	14.37 0.07	15.23 0.04	15.34 0.04	15.09 0.05	15.03 0.03	15.72 0.05	16.03 0.07
75	15.44 0.02	15.27 0.02	13.80 0.07	13.76 0.11	13.93 0.09	13.77 0.08	13.61 0.08	14.69 0.05	14.98 0.07
76	15.24 0.02	14.96 0.04	13.59 0.07	14.12 0.09	14.13 0.09	13.84 0.12	13.92 0.07	14.89 0.05	15.20 0.07
77	15.11 0.05	14.92 0.07	13.63 0.07	14.03 0.14	14.05 0.15	13.79 0.15	13.45 0.30	14.01 0.33	14.59 0.18
78	16.04 0.01	15.95 0.01	14.29 0.07	15.19 0.03	15.19 0.03	14.81 0.05	14.73 0.03	15.43 0.05	15.80 0.07
79	16.14 0.01	16.07 0.01	14.47 0.07	15.02 0.02	15.08 0.03	14.90 0.05	14.88 0.02	15.51 0.04	15.79 0.07
80	15.13 0.07	14.84 0.13	13.39 0.07	14.01 0.14	13.60 0.36	13.39 0.32	13.70 0.15	14.68 0.06	15.10 0.07
81	15.54 0.01	15.40 0.02	13.58 0.07	13.99 0.03	14.10 0.04	14.01 0.06	13.94 0.03	14.34 0.07	14.51 0.07
82	14.88 0.04	14.43 0.14	13.27 0.07	14.02 0.14	13.97 0.16	14.06 0.07	13.88 0.09	14.64 0.05	14.99 0.07
83	15.56 0.01	15.41 0.01	13.44 0.07	13.50 0.28	13.92 0.12	13.58 0.20	13.66 0.12	14.29 0.12	14.42 0.08
84	15.37 0.01	15.20 0.02	13.29 0.07	13.65 0.07	13.74 0.08	13.58 0.09	13.31 0.11	14.34 0.06	14.59 0.07
85	15.35 0.07	14.72 0.30	14.01 0.07	99.99 9.99	14.45 0.15	14.06 0.18	13.82 0.29	15.24 0.05	15.66 0.07
86	16.03 0.00	15.88 0.01	13.78 0.07	14.36 0.03	14.41 0.04	14.25 0.05	14.13 0.03	14.61 0.06	14.90 0.07
87	16.09 0.00	15.94 0.00	13.75 0.07	14.38 0.02	14.55 0.03	14.20 0.06	14.09 0.04	99.99 9.99	14.08 0.09
88	15.43 0.00	15.31 0.01	12.99 0.07	13.53 0.10	13.50 0.12	13.29 0.15	13.38 0.08	13.69 0.15	14.26 0.07
89	15.33 0.01	15.19 0.01	13.11 0.07	13.54 0.06	13.27 0.20	13.30 0.16	13.33 0.09	14.28 0.07	14.10 0.07
90	16.56 0.00	16.46 0.00	14.63 0.07	14.98 0.07	15.00 0.07	14.86 0.06	14.82 0.05	15.38 0.06	15.63 0.07
91	16.01 0.00	15.85 0.00	14.41 0.07	14.91 0.02	15.00 0.02	14.82 0.04	14.75 0.01	15.37 0.04	15.63 0.07
92	15.50 0.03	15.45 0.03	13.45 0.07	14.09 0.15	14.08 0.15	99.99 9.99	13.39 0.31	14.50 0.07	14.93 0.07
93	15.90 0.01	15.78 0.02	13.25 0.07	14.40 0.10	14.09 0.21	13.99 0.15	13.73 0.21	14.43 0.09	14.64 0.09
94	14.30 0.04	14.52 0.02	13.01 0.07	14.42 0.03	14.33 0.04	14.18 0.05	14.14 0.02	14.43 0.05	14.60 0.07
95	15.63 0.01	15.49 0.01	13.44 0.07	13.84 0.09	13.98 0.07	13.91 0.07	13.67 0.07	14.18 0.07	14.48 0.07
96	15.59 0.01	15.45 0.01	13.54 0.07	13.81 0.15	13.70 0.22	13.58 0.16	13.64 0.10	14.03 0.14	14.22 0.11
97	15.91 0.00	15.81 0.00	14.23 0.07	14.95 0.02	14.81 0.03	14.69 0.05	14.67 0.02	15.22 0.04	15.46 0.07
98	17.22 0.00	17.13 0.00	15.59 0.07	15.89 0.01	15.97 0.02	15.82 0.04	15.75 0.01	16.46 0.04	16.77 0.07
99	15.97 0.00	15.83 0.00	14.33 0.07	14.37 0.03	14.51 0.04	14.40 0.06	14.17 0.04	14.53 0.08	14.84 0.07
100	15.35 0.01	15.20 0.01	13.29 0.07	13.50 0.18	13.84 0.09	13.58 0.09	13.63 0.07	14.79 0.04	15.10 0.07
101	15.98 0.02	15.83 0.02	13.57 0.07	13.71 0.42	13.72 0.42	99.99 9.99	13.82 0.15	14.75 0.06	14.88 0.10
102	15.02 0.02	14.88 0.02	13.41 0.07	14.39 0.02	14.43 0.03	14.22 0.05	14.13 0.02	14.64 0.05	14.99 0.07
103	15.64 0.01	15.59 0.01	13.70 0.07	14.58 0.06	14.35 0.11	14.27 0.09	14.38 0.04	14.74 0.06	15.10 0.07
104	15.90 0.01	15.77 0.01	14.01 0.07	14.35 0.04	14.44 0.04	14.21 0.05	14.12 0.03	14.95 0.05	15.30 0.07
105	15.29 0.01	15.18 0.01	13.33 0.07	13.41 0.15	13.45 0.16	13.43 0.15	13.32 0.15	13.82 0.15	14.28 0.07
106	15.89 0.01	15.78 0.01	14.14 0.07	14.63 0.03	14.70 0.03	14.47 0.05	14.41 0.02	15.21 0.04	15.51 0.07
107	15.62 0.01	15.49 0.01	13.38 0.07	14.35 0.03	14.42 0.04	14.23 0.06	14.01 0.05	14.15 0.13	14.08 0.09
108	15.44 0.01	15.34 0.01	13.16 0.07	14.09 0.04	14.05 0.07	13.71 0.09	13.61 0.08	13.97 0.15	13.86 0.13
109	14.97 0.01	14.71 0.02	13.53 0.07	14.02 0.03	14.15 0.03	13.97 0.05	13.92 0.02	14.62 0.05	14.96 0.07
110	15.81 0.01	15.62 0.01	13.54 0.07	14.23 0.03	14.23 0.05	14.04 0.09	13.95 0.07	14.25 0.15	14.05 0.11
111	15.71 0.00	15.59 0.00	13.72 0.07	13.97 0.05	14.04 0.05	14.00 0.05	14.03 0.02	14.68 0.05	14.91 0.07
112	15.67 0.01	15.53 0.01	12.95 0.07	14.23 0.02	14.21 0.03	14.07 0.05	14.01 0.03	13.82 0.15	13.83 0.09
113	15.43 0.00	15.31 0.01	13.48 0.07	14.19 0.03	14.03 0.05	13.92 0.06	13.99 0.02	14.23 0.06	14.54 0.07
114	14.52 0.02	14.39 0.02	12.19 0.07	99.99 9.99	99.99 9.99	13.14 0.15	99.99 9.99	99.99 9.99	13.28 0.16
115	14.88 0.01	14.68 0.03	13.16 0.07	99.99 9.99	99.99 9.99	13.38 0.15	13.23 0.15	14.06 0.09	14.01 0.08
116	15.24 0.01	15.13 0.01	13.19 0.07	14.02 0.03	14.04 0.05	13.76 0.07	13.78 0.04	13.74 0.15	13.88 0.08
117	16.09 0.00	15.92 0.01	14.07 0.07	14.25 0.04	14.28 0.06	14.37 0.05	14.19 0.03	14.76 0.05	14.85 0.07
118	15.53 0.01	15.43 0.01	13.62 0.07	14.31 0.02	14.19 0.04	14.02 0.05	13.83 0.03	14.15 0.06	14.28 0.07
119	14.73 0.02	14.56 0.04	13.07 0.07	14.48 0.02	13.20 0.33	13.77 0.07	14.13 0.03	99.99 9.99	99.99 9.99